 [432.71887 371.96942 491.10327 482.19543]
 [ 55.508793 191.79584   98.71013  281.31168 ]
 [461.426   238.85843 507.69864 319.7839 ]
 [645.1032  280.93744 707.9361  358.091  ]
 [ 965.32587  328.19925 1004.9433   416.22986]
 [1027.6528   342.52808 1069.9238   446.8074 ]
 [1243.636    213.39067 1275.4911   300.5075 ]
 [694.6013  215.35292 726.4687  305.71088]
 [417.19162 280.1292  451.57147 377.75336]
 [879.1355  174.03963 911.21277 239.45676]
 [1006.1042   207.35054 1040.3685   300.51675]
 [1186.3242  256.4877 1213.4327  342.9284]
 [747.3891 233.1218 810.2156 345.934 ]
 [1064.3524   236.94472 1095.4777   330.81912]
 [743.1358  206.2345  771.8355  280.12708]
 [1107.1857   322.75626 1173.8433   385.4114 ]
 [1145.0388   260.50842 1176.7208   335.95786]
